0.002222222222222222  0
0.003333333333333333  0
0.004444444444444444  0
0.005555555555555556  0
0.001111111111111111  0
0.001666666666666667  0
0.002222222222222222  0
0.002777777777777778  0
0.003333333333333334  0
0.003888888888888889  0
0.004444444444444444  0
0.005  0
0.005555555555555556  0
0.001111111111111111  0
0.001666666666666667  0
0.002222222222222222  0
0.002777777777777778  0
0.003333333333333334  0
0.003888888888888889  0
0.004444444444444444  0
0.005  0
0.005555555555555556  0
0.001111111111111111  0
0.001666666666666667  0
0.002222222222222222  0
0.002777777777777778  0
0.003333333333333334  0
0.001111111111111111  0
0.001666666666666667  0
0.002222222222222222  0
0.002777777777777778  0
0.003333333333333334  0
0.003888888888888889  0
0.001111111111111111  0
0.001666666666666667  0
0.002222222222222222  0
0.002777777777777778  0
0.003333333333333334  0
0.003888888888888889  0
0.004444444444444444  0
0.005  0
0.005555555555555556  0
0.001111111111111111  0
0.001666666666666667  0
0.002222222222222222  0
0.001111111111111111  0
0.001666666666666667  0
0.002222222222222222  0
0.002777777777777778  0
0.003333333333333334  0
0.003888888888888889  0
0.004444444444444444  0
0.005  0
0.005555555555555556  0
0.0002777777777777778  0
0.0004166666666666666  0
0.001111111111111111  0.004552627856654002
0.001666666666666667  0.004845453355557584
0.002222222222222222  0.004804068672666053
0.002777777777777778  0.004443347144885837
0.003333333333333334  0.003945761060495865
0.003888888888888889  0.003815090557890594
0.004444444444444444  0.004521854009840877
0.005  0.005282041572150949
0.005555555555555556  0.005718815329595834
0.0002777777777777778  0.004560145754568017
0.0004166666666666666  0.004857282155877956
0.0005555555555555556  0.004820088013270933
0.0006944444444444445  0.004463046561282038
0.0008333333333333334  0.003968468659292733
0.0009722222222222223  0.003840669861560147
0.001111111111111111  0.004551271301174034
0.0002777777777777778  0.004560145754568017
0.0004166666666666666  0.004857282155877956
0.0005555555555555556  0.004820088013270933
0.0006944444444444445  0.004463046561282038
0.0008333333333333334  0.003968468659292733
0.0009722222222222223  0.003840669861560147
0.001111111111111111  0.004551271301174034
0.00125  0.005316131077091688
0.001388888888888889  0.005757946262710398
0.001527777777777778  0.005798411395705881
0.001666666666666667  0.005432088102840054
0.001805555555555556  0.004712232569311366
0.001944444444444445  0.003924949128925357
0.002083333333333333  0.00387604306481253
0.002222222222222222  0.004351575457471405
0.002361111111111111  0.004754796996816369
0.0025  0.00485537655563389
0.002638888888888889  0.004618159266423117
0.002777777777777778  0.004142138936260346
0.002916666666666667  0.003775767390811202
0.003055555555555556  0.00419630979725707
0.003194444444444445  0.005019910663620511
0.003333333333333334  0.005609763250059368
0.003472222222222222  0.005811982444792791
0.003611111111111111  0.005606470174801695
0.00375  0.005013583908314448
0.003888888888888889  0.00418738530079882
0.004027777777777778  0.003764526212410144
0.004166666666666667  0.004128425298968211
