0  nan
0  0
0  0
0.002222222222222222  0.000543966066365487
0.003333333333333333  3.438026047515987e-05
0.004444444444444444  -0.0003908646465176979
0.005555555555555556  -0.0008219930727765302
0.006666666666666667  -0.001820355722587986
0.007777777777777778  -0.003564479203274217
0.008888888888888889  -0.004939135826384376
0.01  -0.005689835286558335
0.01111111111111111  -0.00696244413173696
0.01222222222222222  -0.008500079175227137
0.01333333333333333  -0.009131024229758035
0.01444444444444445  -0.009546660035281526
0.01555555555555556  -0.01006809735614017
0.01666666666666667  -0.01029924386443167
0.001111111111111111  0.000873372277728337
0.001666666666666667  0.0005464735313385292
0.002222222222222222  0.0002548720798037922
0.002777777777777778  3.622789473449639e-05
0.003333333333333334  -0.0001495149723151938
0.003888888888888889  -0.0003896501952389694
0.004444444444444444  -0.0005818796151100884
0.005  -0.0008214370325722166
0.005555555555555556  -0.001218768689398426
0.001111111111111111  0.000873372277728337
0.001666666666666667  0.0005464735313385292
0.001111111111111111  0.000873372277728337
0.001666666666666667  0.0005464735313385292
0.001111111111111111  0.000873372277728337
0.001666666666666667  0.0005464735313385292
0.002222222222222222  0.0002548720798037922
0.002777777777777778  3.622789473449639e-05
0.003333333333333334  -0.0001495149723151938
0.001111111111111111  0.000873372277728337
0.001666666666666667  0.0005464735313385292
0.002222222222222222  0.0002548720798037922
0.002777777777777778  3.622789473449639e-05
0.003333333333333334  -0.0001495149723151938
0.001111111111111111  0.000873372277728337
0.001666666666666667  0.0005464735313385292
0.002222222222222222  0.0002548720798037922
0.002777777777777778  3.622789473449639e-05
0.003333333333333334  -0.0001495149723151938
0.003888888888888889  -0.0003896501952389694
0.004444444444444444  -0.0005818796151100884
0.005  -0.0008214370325722166
0.005555555555555556  -0.001218768689398426
0.001111111111111111  0.000873372277728337
0.001666666666666667  0.0005464735313385292
0.002222222222222222  0.0002548720798037922
0.002777777777777778  3.622789473449639e-05
0.003333333333333334  -0.0001495149723151938
0.003888888888888889  -0.0003896501952389694
0.004444444444444444  -0.0005818796151100884
0.0002777777777777778  nan
0.0004166666666666666  nan
0.0005555555555555556  nan
0.0006944444444444445  nan
0.0008333333333333334  nan
0.0009722222222222223  nan
0.001111111111111111  nan
0.00125  nan
0.001388888888888889  nan
0.001527777777777778  nan
0.001666666666666667  nan
0.001805555555555556  nan
0.001944444444444445  nan
0.002083333333333333  nan
0.002222222222222222  nan
0.002361111111111111  nan
0.0025  nan
0.002638888888888889  nan
0.002777777777777778  nan
0.002916666666666667  nan
0.003055555555555556  nan
0.003194444444444445  nan
0.003333333333333334  nan
0.003472222222222222  nan
0.003611111111111111  nan
0.00375  nan
0.003888888888888889  nan
0.004027777777777778  nan
0.004166666666666667  nan
0.0003333333333333333  0.0008788790547639828
0.0005  0.0005533248261059371
0.0006666666666666666  0.0002622655925467586
0.0008333333333333333  4.364834963284205e-05
0.001  -0.0001424561237693348
0.001166666666666667  -0.0003834883617013611
0.001333333333333334  -0.0005771202817544357
0.003333333333333333  0
0.0006666666666666666  0.0008757772852460613
0.001  0.0005494637257861636
0.001333333333333333  0.0002580963815751236
0.001666666666666667  3.946087619812404e-05
0.002  -0.0001464431896684315
0.002333333333333334  -0.0003869735955461753
0.002666666666666667  -0.0005798187390115454
0.003  -0.0008202739740060275
0.003333333333333334  -0.001218995037908001
0.001111111111111111  0.000873372277728337
0.001666666666666667  0.0005464735313385292
0.002222222222222222  0.0002548720798037922
0.002777777777777778  3.622789473449639e-05
0.003333333333333334  -0.0001495149723151938
0.001111111111111111  0.000873372277728337
0.001666666666666667  0.0005464735313385292
0.002222222222222222  0.0002548720798037922
0.002777777777777778  3.622789473449639e-05
0.003333333333333334  -0.0001495149723151938
0.003888888888888889  -0.0003896501952389694
0.004444444444444444  -0.0005818796151100884
0.005  -0.0008214370325722166
0.005555555555555556  -0.001218768689398426
0.001111111111111111  0.000873372277728337
0.001666666666666667  0.0005464735313385292
0.002222222222222222  0.0002548720798037922
0.002777777777777778  3.622789473449639e-05
0.001111111111111111  0.000873372277728337
0.001666666666666667  0.0005464735313385292
0.002222222222222222  0.0002548720798037922
0.002777777777777778  3.622789473449639e-05
0.003333333333333334  -0.0001495149723151938
0.003888888888888889  -0.0003896501952389694
0.004444444444444444  -0.0005818796151100884
0.005  -0.0008214370325722166
0.005555555555555556  -0.001218768689398426
0.001111111111111111  0.000873372277728337
0.001666666666666667  0.0005464735313385292
0.001111111111111111  0.000873372277728337
0.001666666666666667  0.0005464735313385292
0.002222222222222222  0.0002548720798037922
0.002777777777777778  3.622789473449639e-05
0.003333333333333334  -0.0001495149723151938
0.003888888888888889  -0.0003896501952389694
0.004444444444444444  -0.0005818796151100884
0.005  -0.0008214370325722166
0.001111111111111111  0.000873372277728337
0.001111111111111111  0.000874012335630228
0.001666666666666667  0.0005468440584921303
0.002222222222222222  0.0002548735698348722
0.002777777777777778  3.616721744589315e-05
0.003333333333333334  -0.0001495763268260611
0.003888888888888889  -0.000389882022188792
0.004444444444444444  -0.0005822722557126259
0.005  -0.0008219058328485978
0.005555555555555556  -0.001219735425742317
0.001111111111111111  0.000873372277728337
0.001666666666666667  0.0005464735313385292
0.002222222222222222  0.0002548720798037922
0.002777777777777778  3.622789473449639e-05
0.001111111111111111  0.000873372277728337
0.001666666666666667  0.0005464735313385292
0.002222222222222222  0.0002548720798037922
0.002777777777777778  3.622789473449639e-05
0.003333333333333334  -0.0001495149723151938
0.003888888888888889  -0.0003896501952389694
0.004444444444444444  -0.0005818796151100884
0.001111111111111111  0.000873372277728337
0.001666666666666667  0.0005464735313385292
0.002222222222222222  0.0002548720798037922
0.002777777777777778  3.622789473449639e-05
0.001111111111111111  0.000873372277728337
0.001666666666666667  0.0005464735313385292
0.001111111111111111  0.003448099069573237
0.001666666666666667  0.002446159847597417
0.001111111111111111  0.000873372277728337
0.001666666666666667  0.0005464735313385292
