0.001111111111111111  0
0.001666666666666667  0
0.002222222222222222  0
0.002777777777777778  0
0.003333333333333334  0
0.003888888888888889  0
0.004444444444444444  0
0.005  0
0.005555555555555556  0
0.006111111111111111  0
0.006666666666666667  0
0.007222222222222223  0
0.001111111111111111  0
0.001666666666666667  0
0.002222222222222222  0
0.002777777777777778  0
0.003333333333333334  0
0.003888888888888889  0
0.004444444444444444  0
0.005  0
0.005555555555555556  0
0.006111111111111111  0
0.006666666666666667  0
0.007222222222222223  0
0.007777777777777778  0
0.008333333333333333  0
0.008888888888888889  0
0  0
0.001111111111111111  0
0.001666666666666667  0
0.002222222222222222  0
0.002777777777777778  0
0.003333333333333334  0
0.001111111111111111  0
0.001666666666666667  0
0.002222222222222222  0
0.002777777777777778  0
0.003333333333333334  0
0.003888888888888889  0
0.004444444444444444  0
0.005  0
0.005555555555555556  0
0.006111111111111111  0
0.006666666666666667  0
0.007222222222222223  0
0.007777777777777778  0
0.008333333333333333  0
0.008888888888888889  0
0.009444444444444445  0
0.001111111111111111  0
0.001666666666666667  0
0.002222222222222222  0
0.002777777777777778  0
0.02  0
0.03  0
0.04  0
0.05  0
0.06  0
0.07000000000000001  0
0.08  0
0.09  0
0.09999999999999999  0
0.01  0
0.02  0
0.03  0
0.04  0
0.05  0
0.06  0
0.07000000000000001  0
0.08  0
0.09  0
0.09999999999999999  0
0.001111111111111111  0
0.001666666666666667  0
0.002222222222222222  0
0  0
0.01111111111111111  0
0.01666666666666667  0
0.02222222222222222  0
0.02777777777777778  0
0.03333333333333333  0
0.03888888888888889  0
0.04444444444444445  0
0.05  0
0.05555555555555556  0
0.06111111111111112  0
0.06666666666666667  0
0.07222222222222222  0
0.07777777777777777  0
0.08333333333333331  0
0.08888888888888886  0
0.09444444444444441  0
0.01111111111111111  0
0.01666666666666667  0
0.02222222222222222  0
0.02777777777777778  0
0.03333333333333333  0
0.03888888888888889  0
0.04444444444444445  0
0.05  0
0.05555555555555556  0
0.06111111111111112  0
0.06666666666666667  0
0.07222222222222222  0
0.07777777777777777  0
0.08333333333333331  0
0.08888888888888886  0
0.09444444444444441  0
0.09999999999999996  0
0.005555555555555556  0
0.01111111111111111  0
0.01666666666666667  0
0.02222222222222222  0
0.02777777777777778  0
0.03333333333333333  0
0.03888888888888889  0
0.04444444444444445  0
0.05  0
0.05555555555555556  0
0.06111111111111112  0
0.06666666666666667  0
0.07222222222222222  0
0.07777777777777777  0
0.08333333333333331  0
0.08888888888888886  0
0.09444444444444441  0
0.09999999999999996  0
0.01111111111111111  0
0.01666666666666667  0
0.02222222222222222  0
0.02777777777777778  0
0.03333333333333333  0
0.03888888888888889  0
0.04444444444444445  0
0.05  0
0.05555555555555556  0
0.06111111111111112  0
0.06666666666666667  0
0.07222222222222222  0
0.07777777777777777  0
0.08333333333333331  0
0.08888888888888886  0
0.09444444444444441  0
0.09999999999999996  0
0.01111111111111111  0
0.01666666666666667  0
0.02222222222222222  0
0.02777777777777778  0
0.03333333333333333  0
0.03888888888888889  0
0.04444444444444445  0
0.05  0
0.05555555555555556  0
0.06111111111111112  0
0.06666666666666667  0
0.07222222222222222  0
0.07777777777777777  0
0.08333333333333331  0
0.08888888888888886  0
0.09444444444444441  0
0.09999999999999996  0
0.01111111111111111  0
0.01666666666666667  0
0.02222222222222222  0
0.02777777777777778  0
0.03333333333333333  0
0.03888888888888889  0
0.04444444444444445  0
0.05  0
0.05555555555555556  0
0.06111111111111112  0
0.06666666666666667  0
0.07222222222222222  0
0.07777777777777777  0
0.08333333333333331  0
0.08888888888888886  0
0.09444444444444441  0
0.09999999999999996  0
31.41592653589793  0 0
0.01111111111111111  0
0.01666666666666667  0
0.02222222222222222  0
0.02777777777777778  0
0.03333333333333333  0
0.03888888888888889  0
0.04444444444444445  0
0.05  0
0.05555555555555556  0
0.06111111111111112  0
0.06666666666666667  0
0.07222222222222222  0
0.07777777777777777  0
0.08333333333333331  0
0.08888888888888886  0
0.09444444444444441  0
0.09999999999999996  0
0.01111111111111111  0
0.01666666666666667  0
0.02222222222222222  0
0.02777777777777778  0
0.03333333333333333  0
0.03888888888888889  0
0.04444444444444445  0
0.05  0
0.05555555555555556  0
0.06111111111111112  0
0.06666666666666667  0
0.07222222222222222  0
0.07777777777777777  0
0.08333333333333331  0
0.08888888888888886  0
0.09444444444444441  0
0.09999999999999996  0
0  0
0  0
0  0
0.001111111111111111  0
0.001666666666666667  0
0.002222222222222222  0
0.002777777777777778  0
0.003333333333333334  0
0.003888888888888889  0
0.004444444444444444  0
0.005  0
0.005555555555555556  0
0.006111111111111111  0
0.006666666666666667  0
0.007222222222222223  0
0.007777777777777778  0
0.008333333333333333  0
0.008888888888888889  0
0.009444444444444445  0
0.01  0
0.01055555555555556  0
0.01111111111111111  0
0.01166666666666667  0
0.01222222222222222  0
0.01277777777777778  0
0.01333333333333333  0
0.01388888888888889  0
0.01444444444444445  0
0.015  0
0.01555555555555556  0
0.01611111111111111  0
0.01666666666666667  0
0.01722222222222222  0
0.01777777777777778  0
0.01833333333333333  0
0.01888888888888889  0
0.01944444444444444  0
0.02  0
0.02055555555555556  0
0.02111111111111111  0
0.02166666666666667  0
0.02222222222222222  0
0.02277777777777778  0
0.02333333333333333  0
0.02388888888888889  0
0.02444444444444445  0
0.025  0
0.02555555555555556  0
0.02611111111111111  0
0.02666666666666667  0
0.02722222222222222  0
0.02777777777777778  0
0.02833333333333334  0
0.02888888888888889  0
0.02944444444444445  0
0.03  0
0.03055555555555556  0
0.03111111111111111  0
0.03166666666666667  0
0.03222222222222222  0
0.03277777777777777  0
0.03333333333333333  0
0.03388888888888888  0
0.03444444444444443  0
0.03499999999999998  0
0.03555555555555553  0
0.03611111111111109  0
0.03666666666666664  0
0.03722222222222219  0
0.03777777777777774  0
0.0383333333333333  0
0.03888888888888885  0
0.0394444444444444  0
0.03999999999999995  0
0.0405555555555555  0
0.04111111111111106  0
0.04166666666666661  0
0.04222222222222216  0
0.04277777777777771  0
0.04333333333333327  0
0.04388888888888882  0
0.04444444444444437  0
0.04499999999999992  0
0.04555555555555547  0
0.04611111111111103  0
0.04666666666666658  0
0.04722222222222213  0
0.04777777777777768  0
0.04833333333333324  0
0.04888888888888879  0
0.04944444444444434  0
0.04999999999999989  0
0.05055555555555544  0
0.051111111111111  0
0.05166666666666655  0
0.0522222222222221  0
0.05277777777777765  0
0.0533333333333332  0
0.05388888888888876  0
0.05444444444444431  0
0.05499999999999986  0
0.05555555555555541  0
0.05611111111111097  0
0.05666666666666652  0
0.05722222222222207  0
0.05777777777777762  0
0.05833333333333317  0
0.05888888888888873  0
0.05944444444444428  0
0.05999999999999983  0
0.06055555555555538  0
0.06111111111111094  0
0.06166666666666649  0
0.06222222222222204  0
0.0627777777777776  0
0.06333333333333316  0
0.06388888888888872  0
0.06444444444444428  0
0.06499999999999984  0
0.06555555555555539  0
0.06611111111111095  0
0.06666666666666651  0
0.06722222222222207  0
0.06777777777777763  0
0.06833333333333319  0
0.06888888888888875  0
0.06944444444444431  0
0.06999999999999987  0
0.07055555555555543  0
0.07111111111111099  0
0.07166666666666655  0
0.0722222222222221  0
0.07277777777777766  0
0.07333333333333322  0
0.07388888888888878  0
0.07444444444444434  0
0.0749999999999999  0
0.07555555555555546  0
0.07611111111111102  0
0.07666666666666658  0
0.07722222222222214  0
0.0777777777777777  0
0.07833333333333325  0
0.07888888888888881  0
0.07944444444444437  0
0.07999999999999993  0
0.08055555555555549  0
0.08111111111111105  0
0.08166666666666661  0
0.08222222222222217  0
0.08277777777777773  0
0.08333333333333329  0
0.08388888888888885  0
0.08444444444444441  0
0.08499999999999996  0
0.08555555555555552  0
0.08611111111111108  0
0.08666666666666664  0
0.0872222222222222  0
0.08777777777777776  0
0.08833333333333332  0
0.08888888888888888  0
0.08944444444444444  0
0.09  0
0.09055555555555556  0
0.09111111111111111  0
0.09166666666666667  0
0.09222222222222223  0
0.09277777777777779  0
0.09333333333333335  0
0.09388888888888891  0
0.09444444444444447  0
0.09500000000000003  0
0.09555555555555559  0
0.09611111111111115  0
0.09666666666666671  0
0.09722222222222227  0
0.09777777777777782  0
0.09833333333333338  0
0.09888888888888894  0
0.0994444444444445  0
0.1000000000000001  0
0.001111111111111111  0
0.001666666666666667  0
0.002222222222222222  0
0.002777777777777778  0
0.003333333333333334  0
0.003888888888888889  0
0.004444444444444444  0
0.005  0
0.005555555555555556  0
0.006111111111111111  0
0.006666666666666667  0
0.007222222222222223  0
0.007777777777777778  0
0.008333333333333333  0
0.008888888888888889  0
0.009444444444444445  0
0.01  0
0.01055555555555556  0
0.01111111111111111  0
0.01166666666666667  0
0.01222222222222222  0
0.01277777777777778  0
0.01333333333333333  0
0.01388888888888889  0
0.01444444444444445  0
0.015  0
0.01555555555555556  0
0.01611111111111111  0
0.01666666666666667  0
0.01722222222222222  0
0.01777777777777778  0
0.01833333333333333  0
0.01888888888888889  0
0.01944444444444444  0
0.02  0
0.02055555555555556  0
0.02111111111111111  0
0.02166666666666667  0
0.02222222222222222  0
0.02277777777777778  0
0.02333333333333333  0
0.02388888888888889  0
0.02444444444444445  0
0.025  0
0.02555555555555556  0
0.02611111111111111  0
0.02666666666666667  0
0.02722222222222222  0
0.02777777777777778  0
0.02833333333333334  0
0.02888888888888889  0
0.02944444444444445  0
0.03  0
0.03055555555555556  0
0.001111111111111111  0
0.001666666666666667  0
0.002222222222222222  0
0.001111111111111111  0
0.001666666666666667  0
0.002222222222222222  0
0.002777777777777778  0
0.003333333333333334  0
0.003888888888888889  0
0.004444444444444444  0
0.001111111111111111  0
0.001666666666666667  0
0.002222222222222222  0
0.002777777777777778  0
0.003333333333333334  0
0.003888888888888889  0
0.004444444444444444  0
0.005  0
0.005555555555555556  0
0.006111111111111111  0
0.006666666666666667  0
0.007222222222222223  0
0.007777777777777778  0
0.008333333333333333  0
0.008888888888888889  0
0.009444444444444445  0
0.01  0
0.01055555555555556  0
0.01111111111111111  0
0.01166666666666667  0
0.01222222222222222  0
0.01277777777777778  0
0.01333333333333333  0
0.01388888888888889  0
0.01444444444444445  0
0.015  0
0.01555555555555556  0
0.01611111111111111  0
0.01666666666666667  0
0.01722222222222222  0
0.01777777777777778  0
0.01833333333333333  0
0.01888888888888889  0
0.01944444444444444  0
0.02  0
0.02055555555555556  0
0.02111111111111111  0
0.02166666666666667  0
0.02222222222222222  0
0.02277777777777778  0
0.02333333333333333  0
31.41592653589793  0 0
0  0
0.01111111111111111  0
0.01666666666666667  0
0.02222222222222222  0
0.02777777777777778  0
0.03333333333333333  0
0.03888888888888889  0
0.04444444444444445  0
0.05  0
0.05555555555555556  0
0.06111111111111112  0
0.06666666666666667  0
0.07222222222222222  0
0.07777777777777777  0
0.08333333333333331  0
0.08888888888888886  0
0.09444444444444441  0
0.09999999999999996  0
0.005555555555555556  0
0.008333333333333333  0
0.01111111111111111  0
0.01388888888888889  0
0.01666666666666667  0
0.01944444444444444  0
0.02222222222222222  0
0.025  0
0.02777777777777778  0
0.03055555555555556  0
0.03333333333333333  0
0.03611111111111111  0
0.03888888888888888  0
0.04166666666666666  0
0.04444444444444443  0
0.04722222222222221  0
0.04999999999999998  0
0.05277777777777776  0
0.05555555555555553  0
0.05833333333333331  0
0.06111111111111108  0
0.06388888888888886  0
0.06666666666666664  0
0.06944444444444442  0
0.0722222222222222  0
0.07499999999999998  0
0.07777777777777777  0
0.08055555555555555  0
0.08333333333333333  0
0.08611111111111111  0
0.08888888888888889  0
0.09166666666666667  0
0.09444444444444446  0
0.09722222222222224  0
0.1  0
0.002777777777777778  0
0.005555555555555556  0
0.008333333333333333  0
0.01111111111111111  0
0.01388888888888889  0
0.001111111111111111  0
0.001666666666666667  0
0.002222222222222222  0
0.002777777777777778  0
0.003333333333333334  0
0.003888888888888889  0
0.004444444444444444  0
0.005  0
0.005555555555555556  0
0.006111111111111111  0
0.006666666666666667  0
0.007222222222222223  0
0.007777777777777778  0
0.008333333333333333  0
0.008888888888888889  0
0.009444444444444445  0
0.01  0
0.01055555555555556  0
0.01111111111111111  0
0.01166666666666667  0
0.01222222222222222  0
0.01277777777777778  0
0.01333333333333333  0
0.01388888888888889  0
0.01444444444444445  0
0.015  0
0.01555555555555556  0
0.01611111111111111  0
0.01666666666666667  0
0.01722222222222222  0
0.01777777777777778  0
0.01833333333333333  0
0.01888888888888889  0
0.01944444444444444  0
0.02  0
0.02055555555555556  0
0.02111111111111111  0
0.02166666666666667  0
0.02222222222222222  0
0.02277777777777778  0
0.02333333333333333  0
0.02388888888888889  0
0.02444444444444445  0
0.025  0
0.02555555555555556  0
0.02611111111111111  0
0.02666666666666667  0
0.02722222222222222  0
0.02777777777777778  0
0.02833333333333334  0
0.02888888888888889  0
0.02944444444444445  0
0.03  0
0.03055555555555556  0
0.03111111111111111  0
0.03166666666666667  0
0.03222222222222222  0
0.03277777777777777  0
0.03333333333333333  0
0.03388888888888888  0
0.03444444444444443  0
0.03499999999999998  0
0.03555555555555553  0
0.03611111111111109  0
0.03666666666666664  0
0.03722222222222219  0
0.03777777777777774  0
0.0383333333333333  0
0.03888888888888885  0
0.0394444444444444  0
0.03999999999999995  0
0.0405555555555555  0
0.04111111111111106  0
0.04166666666666661  0
0.04222222222222216  0
0.04277777777777771  0
0.04333333333333327  0
0.04388888888888882  0
0.04444444444444437  0
0.04499999999999992  0
0.04555555555555547  0
0.04611111111111103  0
0.04666666666666658  0
0.04722222222222213  0
0.04777777777777768  0
0.04833333333333324  0
0.04888888888888879  0
0.04944444444444434  0
0.04999999999999989  0
0.05055555555555544  0
0.051111111111111  0
0.05166666666666655  0
0.0522222222222221  0
0.05277777777777765  0
0.0533333333333332  0
0.05388888888888876  0
0.05444444444444431  0
0.05499999999999986  0
0.05555555555555541  0
0.05611111111111097  0
0.05666666666666652  0
0.05722222222222207  0
0.05777777777777762  0
0.05833333333333317  0
0.05888888888888873  0
0.05944444444444428  0
0.05999999999999983  0
0.06055555555555538  0
0.06111111111111094  0
0.06166666666666649  0
0.06222222222222204  0
0.0627777777777776  0
0.06333333333333316  0
0.06388888888888872  0
0.06444444444444428  0
0.06499999999999984  0
0.06555555555555539  0
0.06611111111111095  0
0.06666666666666651  0
0.06722222222222207  0
0.06777777777777763  0
0.06833333333333319  0
0.06888888888888875  0
0.06944444444444431  0
0.06999999999999987  0
0.07055555555555543  0
0.07111111111111099  0
0.07166666666666655  0
0.0722222222222221  0
0.07277777777777766  0
0.07333333333333322  0
0.07388888888888878  0
0.07444444444444434  0
0.0749999999999999  0
0.07555555555555546  0
0.07611111111111102  0
0.07666666666666658  0
0.07722222222222214  0
0.0777777777777777  0
0.07833333333333325  0
0.07888888888888881  0
0.07944444444444437  0
0.07999999999999993  0
0.08055555555555549  0
0.08111111111111105  0
0.08166666666666661  0
0.08222222222222217  0
0.08277777777777773  0
0.08333333333333329  0
0.08388888888888885  0
0.08444444444444441  0
0.08499999999999996  0
0.08555555555555552  0
0.08611111111111108  0
0.08666666666666664  0
0.0872222222222222  0
0.08777777777777776  0
0.08833333333333332  0
0.08888888888888888  0
0.08944444444444444  0
0.09  0
0.09055555555555556  0
0.09111111111111111  0
0.09166666666666667  0
0.09222222222222223  0
0.09277777777777779  0
0.09333333333333335  0
0.09388888888888891  0
0.09444444444444447  0
0.09500000000000003  0
0.09555555555555559  0
0.09611111111111115  0
0.09666666666666671  0
0.09722222222222227  0
0.09777777777777782  0
0.09833333333333338  0
0.09888888888888894  0
0.0994444444444445  0
0.1000000000000001  0
0.001111111111111111  0
0.001666666666666667  0
0.002222222222222222  0
31.41592653589793  0 0
31.41592653589793  0 0
0  0
31.41592653589793  0 0
31.41592653589793  0 0
0.001111111111111111  0
0.001666666666666667  0
0.002222222222222222  0
0.002777777777777778  0
0.003333333333333334  0
0.003888888888888889  0
0.004444444444444444  0
0.005  0
0.005555555555555556  0
0.006111111111111111  0
0.006666666666666667  0
0.007222222222222223  0
0.007777777777777778  0
0.008333333333333333  0
0.008888888888888889  0
0.009444444444444445  0
0.01  0
0.01055555555555556  0
0.01111111111111111  0
0.01166666666666667  0
0.01222222222222222  0
0.01277777777777778  0
0.01333333333333333  0
0.01388888888888889  0
0.01444444444444445  0
0.015  0
0.01555555555555556  0
0.01611111111111111  0
0.01666666666666667  0
0.01722222222222222  0
0.01777777777777778  0
0.01833333333333333  0
0.01888888888888889  0
0.01944444444444444  0
0.02  0
0.02055555555555556  0
0.02111111111111111  0
0.02166666666666667  0
0.02222222222222222  0
0.02277777777777778  0
0.02333333333333333  0
0.02388888888888889  0
0.02444444444444445  0
0.025  0
0.02555555555555556  0
0.02611111111111111  0
0.02666666666666667  0
0.02722222222222222  0
0.02777777777777778  0
0.02833333333333334  0
0.02888888888888889  0
0.02944444444444445  0
0.03  0
0.03055555555555556  0
0.03111111111111111  0
0.03166666666666667  0
0.03222222222222222  0
0.03277777777777777  0
0.03333333333333333  0
0.03388888888888888  0
0.03444444444444443  0
0.03499999999999998  0
0.03555555555555553  0
0.03611111111111109  0
0.03666666666666664  0
0.03722222222222219  0
0.03777777777777774  0
0.0383333333333333  0
0.03888888888888885  0
0.0394444444444444  0
0.03999999999999995  0
0.0405555555555555  0
0.04111111111111106  0
0.04166666666666661  0
0.04222222222222216  0
0.04277777777777771  0
0.04333333333333327  0
0.04388888888888882  0
0.04444444444444437  0
0.04499999999999992  0
0.04555555555555547  0
0.04611111111111103  0
0.04666666666666658  0
0.04722222222222213  0
0.04777777777777768  0
0.04833333333333324  0
0.04888888888888879  0
0.04944444444444434  0
0.04999999999999989  0
0.05055555555555544  0
0.051111111111111  0
0.05166666666666655  0
0.0522222222222221  0
0.05277777777777765  0
0.0533333333333332  0
0.05388888888888876  0
0.05444444444444431  0
0.05499999999999986  0
0.05555555555555541  0
0.05611111111111097  0
0.05666666666666652  0
0.05722222222222207  0
0.05777777777777762  0
0.05833333333333317  0
0.05888888888888873  0
0.05944444444444428  0
0.05999999999999983  0
0.06055555555555538  0
0.06111111111111094  0
0.06166666666666649  0
0.06222222222222204  0
0.0627777777777776  0
0.06333333333333316  0
0.06388888888888872  0
0.06444444444444428  0
0.06499999999999984  0
0.06555555555555539  0
0.06611111111111095  0
0.06666666666666651  0
0.06722222222222207  0
0.06777777777777763  0
0.06833333333333319  0
0.06888888888888875  0
0.06944444444444431  0
0.06999999999999987  0
0.07055555555555543  0
0.07111111111111099  0
0.07166666666666655  0
0.0722222222222221  0
0.07277777777777766  0
0.07333333333333322  0
0.07388888888888878  0
0.07444444444444434  0
0.0749999999999999  0
0.07555555555555546  0
0.07611111111111102  0
0.07666666666666658  0
0.07722222222222214  0
0.0777777777777777  0
0.07833333333333325  0
0.07888888888888881  0
0.07944444444444437  0
0.07999999999999993  0
0.08055555555555549  0
0.08111111111111105  0
0.08166666666666661  0
0.08222222222222217  0
0.08277777777777773  0
0.08333333333333329  0
0.08388888888888885  0
0.08444444444444441  0
0.08499999999999996  0
0.08555555555555552  0
0.08611111111111108  0
0.08666666666666664  0
0.0872222222222222  0
0.08777777777777776  0
0.08833333333333332  0
0.08888888888888888  0
0.08944444444444444  0
0.09  0
0.09055555555555556  0
0.09111111111111111  0
0.09166666666666667  0
0.09222222222222223  0
0.09277777777777779  0
0.09333333333333335  0
0.09388888888888891  0
0.09444444444444447  0
0.09500000000000003  0
0.09555555555555559  0
0.09611111111111115  0
0.09666666666666671  0
0.09722222222222227  0
0.09777777777777782  0
0.09833333333333338  0
0.09888888888888894  0
0.0994444444444445  0
0.1000000000000001  0
0.002222222222222222  0
0.003333333333333333  0
0.004444444444444444  0
0.005555555555555556  0
0.006666666666666667  0
0.007777777777777778  0
0.008888888888888889  0
0.01  0
0.01111111111111111  0
0.01222222222222222  0
0.01333333333333333  0
0.01444444444444445  0
0.01555555555555556  0
0.01666666666666667  0
0.01777777777777778  0
0.01888888888888889  0
0.02  0
0.02111111111111111  0
0.02222222222222222  0
0.02333333333333333  0
0.02444444444444445  0
0.02555555555555556  0
0.02666666666666667  0
0.02777777777777778  0
0.02888888888888889  0
0.03  0
0.03111111111111111  0
0.03222222222222222  0
0.03333333333333333  0
0.03444444444444444  0
0.03555555555555556  0
0.03666666666666667  0
0.03777777777777778  0
0.03888888888888889  0
0.04  0
0.04111111111111111  0
0.04222222222222222  0
0.04333333333333333  0
0.04444444444444445  0
0.04555555555555556  0
0.04666666666666667  0
0.04777777777777778  0
0.04888888888888889  0
0.05  0
0.05111111111111111  0
0.05222222222222223  0
0.05333333333333334  0
0.05444444444444445  0
0.05555555555555556  0
0.05666666666666667  0
0.05777777777777778  0
0.05888888888888889  0
0.06  0
0.06111111111111112  0
0.06222222222222223  0
0.06333333333333334  0
0.06444444444444444  0
0.06555555555555555  0
0.06666666666666665  0
0.06777777777777776  0
0.06888888888888886  0
0.06999999999999997  0
0.07111111111111107  0
0.07222222222222217  0
0.07333333333333328  0
0.07444444444444438  0
0.07555555555555549  0
0.07666666666666659  0
0.0777777777777777  0
0.0788888888888888  0
0.0799999999999999  0
0.08111111111111101  0
0.08222222222222211  0
0.08333333333333322  0
0.08444444444444432  0
0.08555555555555543  0
0.08666666666666653  0
0.08777777777777764  0
0.08888888888888874  0
0.08999999999999984  0
0.09111111111111095  0
0.09222222222222205  0
0.09333333333333316  0
0.09444444444444426  0
0.09555555555555537  0
0.09666666666666647  0
0.09777777777777757  0
0.09888888888888868  0
0.09999999999999978  0
0.001111111111111111  0
0.001666666666666667  0
0.002222222222222222  0
0.002777777777777778  0
0.003333333333333334  0
0.003888888888888889  0
0.004444444444444444  0
0.005  0
0.005555555555555556  0
0.006111111111111111  0
0.006666666666666667  0
0.007222222222222223  0
0.007777777777777778  0
0.008333333333333333  0
0.008888888888888889  0
0.009444444444444445  0
0.01  0
0.01055555555555556  0
0.01111111111111111  0
0.01166666666666667  0
0.01222222222222222  0
0.01277777777777778  0
0.01333333333333333  0
0.01388888888888889  0
0.01444444444444445  0
0.015  0
0.01555555555555556  0
0.01611111111111111  0
0.01666666666666667  0
0.01722222222222222  0
0.01777777777777778  0
0.01833333333333333  0
0.01888888888888889  0
0.01944444444444444  0
0.02  0
0.02055555555555556  0
0.02111111111111111  0
0.02166666666666667  0
0.02222222222222222  0
0.02277777777777778  0
0.02333333333333333  0
0.02388888888888889  0
0.02444444444444445  0
0.025  0
0.02555555555555556  0
0.02611111111111111  0
0.02666666666666667  0
0.02722222222222222  0
0.02777777777777778  0
0.02833333333333334  0
0.02888888888888889  0
0.02944444444444445  0
0.03  0
0.03055555555555556  0
0.03111111111111111  0
0.03166666666666667  0
0.03222222222222222  0
0.03277777777777777  0
0.03333333333333333  0
0.03388888888888888  0
0.03444444444444443  0
0.03499999999999998  0
0.03555555555555553  0
0.03611111111111109  0
0.03666666666666664  0
0.03722222222222219  0
0.03777777777777774  0
0.0383333333333333  0
0.03888888888888885  0
0.0394444444444444  0
0.03999999999999995  0
0.0405555555555555  0
0.04111111111111106  0
0.04166666666666661  0
0.04222222222222216  0
0.04277777777777771  0
0.04333333333333327  0
0.04388888888888882  0
0.04444444444444437  0
0.04499999999999992  0
0.04555555555555547  0
0.04611111111111103  0
0.04666666666666658  0
0.04722222222222213  0
0.04777777777777768  0
0.04833333333333324  0
0.04888888888888879  0
0.04944444444444434  0
0.04999999999999989  0
0.05055555555555544  0
0.051111111111111  0
0.05166666666666655  0
0.0522222222222221  0
0.05277777777777765  0
0.0533333333333332  0
0.05388888888888876  0
0.05444444444444431  0
0.05499999999999986  0
0.05555555555555541  0
0.05611111111111097  0
0.05666666666666652  0
0.05722222222222207  0
0.05777777777777762  0
0.05833333333333317  0
0.05888888888888873  0
0.05944444444444428  0
0.05999999999999983  0
0.06055555555555538  0
0.06111111111111094  0
0.06166666666666649  0
0.06222222222222204  0
0.0627777777777776  0
0.06333333333333316  0
0.06388888888888872  0
0.06444444444444428  0
0.06499999999999984  0
0.06555555555555539  0
0.06611111111111095  0
0.06666666666666651  0
0.06722222222222207  0
0.06777777777777763  0
0.06833333333333319  0
0.06888888888888875  0
0.06944444444444431  0
0.06999999999999987  0
0.07055555555555543  0
0.07111111111111099  0
0.07166666666666655  0
0.0722222222222221  0
0.07277777777777766  0
0.07333333333333322  0
0.07388888888888878  0
0.07444444444444434  0
0.0749999999999999  0
0.07555555555555546  0
0.07611111111111102  0
0.07666666666666658  0
0.07722222222222214  0
0.0777777777777777  0
0.07833333333333325  0
0.07888888888888881  0
0.07944444444444437  0
0.07999999999999993  0
0.08055555555555549  0
0.08111111111111105  0
0.08166666666666661  0
0.08222222222222217  0
0.08277777777777773  0
0.08333333333333329  0
0.08388888888888885  0
0.08444444444444441  0
0.08499999999999996  0
0.08555555555555552  0
0.08611111111111108  0
0.08666666666666664  0
0.0872222222222222  0
0.08777777777777776  0
0.08833333333333332  0
0.08888888888888888  0
0.08944444444444444  0
0.09  0
0.09055555555555556  0
0.09111111111111111  0
0.09166666666666667  0
0.09222222222222223  0
0.09277777777777779  0
0.09333333333333335  0
0.09388888888888891  0
0.09444444444444447  0
0.09500000000000003  0
0.09555555555555559  0
0.09611111111111115  0
0.09666666666666671  0
0.09722222222222227  0
0.09777777777777782  0
0.09833333333333338  0
0.09888888888888894  0
0.0994444444444445  0
0.1000000000000001  0
0.01  0
0.015  0
0.02  0
0.025  0
0.03  0
0.035  0
0.04  0
0.045  0
0.05  0
0.05499999999999999  0
0.05999999999999999  0
0.06499999999999999  0
0.06999999999999999  0
0.075  0
0.08  0
0.08500000000000001  0
0.09000000000000001  0
0.09500000000000001  0
0.1  0
0.105  0
0.11  0
0.115  0
0.12  0
0.125  0
0.13  0
0.135  0
0.14  0
0.145  0
0.15  0
0.1550000000000001  0
0.1600000000000001  0
0.1650000000000001  0
0.1700000000000001  0
0.1750000000000001  0
0.1800000000000001  0
0.1850000000000001  0
0.1900000000000001  0
0.1950000000000001  0
0.2000000000000001  0
0.2050000000000001  0
0.2100000000000001  0
0.2150000000000001  0
0.01  0
0.015  0
0.02  0
0  0
0.001111111111111111  0
0.001666666666666667  0
0.002222222222222222  0
0.002777777777777778  0
0.003333333333333334  0
0.003888888888888889  0
0.004444444444444444  0
0.005  0
0.005555555555555556  0
0.006111111111111111  0
0.006666666666666667  0
0.007222222222222223  0
0.007777777777777778  0
0.008333333333333333  0
0.008888888888888889  0
0.009444444444444445  0
0.01  0
0.01055555555555556  0
0.01111111111111111  0
0.01166666666666667  0
0.01222222222222222  0
0.01277777777777778  0
0.01333333333333333  0
0.01388888888888889  0
0.01444444444444445  0
0.015  0
0.01555555555555556  0
0.01611111111111111  0
0.01666666666666667  0
0.01722222222222222  0
0.01777777777777778  0
0.01833333333333333  0
0.01888888888888889  0
0.01944444444444444  0
0.02  0
0.02055555555555556  0
0.02111111111111111  0
0.02166666666666667  0
0.02222222222222222  0
0.02277777777777778  0
0.02333333333333333  0
0.02388888888888889  0
0.02444444444444445  0
0.025  0
0.02555555555555556  0
0.02611111111111111  0
0.02666666666666667  0
0.02722222222222222  0
0.02777777777777778  0
0.02833333333333334  0
0.02888888888888889  0
0.02944444444444445  0
0.03  0
0.03055555555555556  0
0.03111111111111111  0
0.03166666666666667  0
0.03222222222222222  0
0.03277777777777777  0
0.03333333333333333  0
0.03388888888888888  0
0.03444444444444443  0
0.03499999999999998  0
0.03555555555555553  0
0.03611111111111109  0
0.03666666666666664  0
0.03722222222222219  0
0.03777777777777774  0
0.0383333333333333  0
0.03888888888888885  0
0.0394444444444444  0
0.03999999999999995  0
0.0405555555555555  0
0.04111111111111106  0
0.04166666666666661  0
0.04222222222222216  0
0.04277777777777771  0
0.04333333333333327  0
0.04388888888888882  0
0.04444444444444437  0
0.04499999999999992  0
0.04555555555555547  0
0.04611111111111103  0
0.04666666666666658  0
0.04722222222222213  0
0.04777777777777768  0
0.04833333333333324  0
0.04888888888888879  0
0.04944444444444434  0
0.04999999999999989  0
0.05055555555555544  0
0.051111111111111  0
0.05166666666666655  0
0.0522222222222221  0
0.05277777777777765  0
0.0533333333333332  0
0.05388888888888876  0
0.05444444444444431  0
0.05499999999999986  0
0.05555555555555541  0
0.05611111111111097  0
0.05666666666666652  0
0.05722222222222207  0
0.05777777777777762  0
0.05833333333333317  0
0.05888888888888873  0
0.05944444444444428  0
0.05999999999999983  0
0.06055555555555538  0
0.06111111111111094  0
0.06166666666666649  0
0.06222222222222204  0
0.0627777777777776  0
0.06333333333333316  0
0.06388888888888872  0
0.06444444444444428  0
0.06499999999999984  0
0.06555555555555539  0
0.06611111111111095  0
0.06666666666666651  0
0.06722222222222207  0
0.06777777777777763  0
0.06833333333333319  0
0.06888888888888875  0
0.06944444444444431  0
0.06999999999999987  0
0.07055555555555543  0
0.07111111111111099  0
0.07166666666666655  0
0.0722222222222221  0
0.07277777777777766  0
0.07333333333333322  0
0.07388888888888878  0
0.07444444444444434  0
0.0749999999999999  0
0.07555555555555546  0
0.07611111111111102  0
0.07666666666666658  0
0.07722222222222214  0
0.0777777777777777  0
0.07833333333333325  0
0.07888888888888881  0
0.07944444444444437  0
0.07999999999999993  0
0.08055555555555549  0
0.08111111111111105  0
0.08166666666666661  0
0.08222222222222217  0
0.08277777777777773  0
0.08333333333333329  0
0.08388888888888885  0
0.08444444444444441  0
0.08499999999999996  0
0.08555555555555552  0
0.08611111111111108  0
0.08666666666666664  0
0.0872222222222222  0
0.08777777777777776  0
0.08833333333333332  0
0.08888888888888888  0
0.08944444444444444  0
0.09  0
0.09055555555555556  0
0.09111111111111111  0
0.09166666666666667  0
0.09222222222222223  0
0.09277777777777779  0
0.09333333333333335  0
0.09388888888888891  0
0.09444444444444447  0
0.09500000000000003  0
0.09555555555555559  0
0.09611111111111115  0
0.09666666666666671  0
0.09722222222222227  0
0.09777777777777782  0
0.09833333333333338  0
0.09888888888888894  0
0.0994444444444445  0
0.1000000000000001  0
0  0
0  0
0  0
0  0
0.001111111111111111  0
0.001666666666666667  0
0.002222222222222222  0
0.002777777777777778  0
0.003333333333333334  0
0.003888888888888889  0
0.004444444444444444  0
0.005  0
0.005555555555555556  0
0.006111111111111111  0
0.006666666666666667  0
0.007222222222222223  0
0.007777777777777778  0
0.008333333333333333  0
0.008888888888888889  0
0.009444444444444445  0
0.01  0
0.01055555555555556  0
0.01111111111111111  0
0.01166666666666667  0
0.01222222222222222  0
0.01277777777777778  0
0.01333333333333333  0
0.01388888888888889  0
0.01444444444444445  0
0.015  0
0.01555555555555556  0
0.01611111111111111  0
0.01666666666666667  0
0.01722222222222222  0
0.01777777777777778  0
0.01833333333333333  0
0.01888888888888889  0
0.01944444444444444  0
0.02  0
0.02055555555555556  0
0.02111111111111111  0
0.02166666666666667  0
0.02222222222222222  0
0.02277777777777778  0
0.02333333333333333  0
0.02388888888888889  0
0.02444444444444445  0
0.025  0
0.02555555555555556  0
0.02611111111111111  0
0  0
0  0
0  0
0  0
0  0
0.001111111111111111  0
0.001666666666666667  0
0.002222222222222222  0
0.002777777777777778  0
0.003333333333333334  0
0  0
0  0
0.002298850574712644  0
0.003448275862068966  0
0.004597701149425288  0
0.00574712643678161  0
0.006896551724137932  0
0.008045977011494254  0
0.009195402298850576  0
0.0103448275862069  0
0.01149425287356322  0
0.01264367816091954  0
0.01379310344827586  0
0.01494252873563219  0
0.01609195402298851  0
0.01724137931034483  0
0.01839080459770115  0
0.01954022988505747  0
0.0206896551724138  0
0.02183908045977012  0
0.02298850574712644  0
0.02413793103448276  0
0.02528735632183908  0
0.02643678160919541  0
0.02758620689655173  0
0.02873563218390805  0
0.02988505747126437  0
0  0
