0.001111111111111111  0
0.002222222222222222  0
0.003333333333333333  0
0.004444444444444444  0
0.005555555555555556  0
0.0005555555555555556  -0.000308641975308642
0.001111111111111111  -0.0009259259259259259
0.001666666666666667  -0.001851851851851852
0.002222222222222222  -0.00308641975308642
0.002777777777777778  -0.004629629629629629
0.003333333333333334  -0.00648148148148148
0.003888888888888889  -0.008641975308641974
0.004444444444444444  -0.01111111111111111
0.005  -0.01388888888888889
0.005555555555555556  -0.01697530864197531
0.0005555555555555556  0
0.001111111111111111  0
0.001666666666666667  0
0.002222222222222222  0
0.002777777777777778  0
0.003333333333333334  0
0.003888888888888889  0
0.004444444444444444  0
0.005  0
0.005555555555555556  0
0.0005555555555555556  0
0.001111111111111111  0
0.001666666666666667  0
0.002222222222222222  0
0.002777777777777778  0
0.003333333333333334  0
0.0005555555555555556  0
0.001111111111111111  0
0.001666666666666667  0
0.002222222222222222  0
0.002777777777777778  0
0.003333333333333334  0
0.003888888888888889  0
0.0005555555555555556  -9.259259259259257e-05
0.001111111111111111  -0.0002777777777777778
0.001666666666666667  -0.0005555555555555556
0.002222222222222222  -0.0009259259259259259
0.002777777777777778  -0.001388888888888889
0.003333333333333334  -0.001944444444444444
0.003888888888888889  -0.002592592592592593
0.004444444444444444  -0.003333333333333333
0.005  -0.004166666666666667
0.005555555555555556  -0.005092592592592593
0.0005555555555555556  0
0.001111111111111111  0
0.001666666666666667  0
0.002222222222222222  0
0.0005555555555555556  -0.000308641975308642
0.001111111111111111  -0.0009259259259259259
0.001666666666666667  -0.001851851851851852
0.002222222222222222  -0.00308641975308642
0.002777777777777778  -0.004629629629629629
0.003333333333333334  -0.00648148148148148
0.003888888888888889  -0.008641975308641974
0.004444444444444444  -0.01111111111111111
0.005  -0.01388888888888889
0.005555555555555556  -0.01697530864197531
0.0001388888888888889  inf
0.0002777777777777778  inf
0.0004166666666666666  inf
0.0005555555555555556  -0.000308641975308642
0.001111111111111111  0.0001080668191083854
0.001666666666666667  0.000514480222285347
0.002222222222222222  0.0001548767118024937
0.002777777777777778  -0.00168197095036288
0.003333333333333334  -0.005357575465475778
0.003888888888888889  -0.009342773086208655
0.004444444444444444  -0.01210939581691268
0.005  -0.01401791750330455
0.005555555555555556  -0.0157789641765984
0.0001388888888888889  -1.929012345679012e-05
0.0002777777777777778  6.754175727279485e-06
0.0004166666666666666  3.215501273535074e-05
0.0005555555555555556  9.679793092002558e-06
0.0006944444444444445  -0.0001051231847297818
0.0008333333333333334  -0.0003348484644795853
0.0009722222222222223  -0.0005839233148254318
0.001111111111111111  -0.0007568372382219116
0.0001388888888888889  -1.929012345679012e-05
0.0002777777777777778  6.754175727279485e-06
0.0004166666666666666  3.215501273535074e-05
0.0005555555555555556  9.679793092002558e-06
0.0006944444444444445  -0.0001051231847297818
0.0008333333333333334  -0.0003348484644795853
0.0009722222222222223  -0.0005839233148254318
0.001111111111111111  -0.0007568372382219116
0.00125  -0.0008761198495031565
0.001388888888888889  -0.0009861852738873812
0.001527777777777778  -0.001134293300615293
0.001666666666666667  -0.001366466594196275
0.001805555555555556  -0.001712648158662484
0.001944444444444445  -0.00211591729757592
0.002083333333333333  -0.002446288742163638
0.002222222222222222  -0.002716079951309216
0.002361111111111111  -0.002967420139876672
0.0025  -0.003247556608682018
0.002638888888888889  -0.003603419432245924
0.002777777777777778  -0.004070315042886244
0.002916666666666667  -0.004624204149826002
0.003055555555555556  -0.005113698845581479
0.003194444444444445  -0.005535880465847061
0.003333333333333334  -0.005930025273644699
0.003472222222222222  -0.006343303717227357
0.003611111111111111  -0.006823050048803003
0.00375  -0.007408514739185672
0.003888888888888889  -0.008096530233174391
0.004027777777777778  -0.008736898634954932
0.004166666666666667  -0.009305280691050268
