0.001111111111111111  0
0.002222222222222222  0
0.003333333333333333  0
0.004444444444444444  0
0.005555555555555556  0
0.0005555555555555556  0
0.001111111111111111  0
0.001666666666666667  0
0.002222222222222222  0
0.002777777777777778  0
0.003333333333333334  0
0.003888888888888889  0
0.004444444444444444  0
0.005  0
0.005555555555555556  0
0.0005555555555555556  0
0.001111111111111111  0
0.001666666666666667  0
0.002222222222222222  0
0.002777777777777778  0
0.003333333333333334  0
0.003888888888888889  0
0.004444444444444444  0
0.005  0
0.005555555555555556  0
0.0005555555555555556  0
0.001111111111111111  0
0.001666666666666667  0
0.002222222222222222  0
0.002777777777777778  0
0.003333333333333334  0
0.0005555555555555556  0
0.001111111111111111  0
0.001666666666666667  0
0.002222222222222222  0
0.002777777777777778  0
0.003333333333333334  0
0.003888888888888889  0
0.0005555555555555556  0
0.001111111111111111  0
0.001666666666666667  0
0.002222222222222222  0
0.002777777777777778  0
0.003333333333333334  0
0.003888888888888889  0
0.004444444444444444  0
0.005  0
0.005555555555555556  0
0.0005555555555555556  0
0.001111111111111111  0
0.001666666666666667  0
0.002222222222222222  0
0.0005555555555555556  -0.000308641975308642
0.001111111111111111  -0.0009259259259259259
0.001666666666666667  -0.001851851851851852
0.002222222222222222  -0.00308641975308642
0.002777777777777778  -0.004629629629629629
0.003333333333333334  -0.00648148148148148
0.003888888888888889  -0.008641975308641974
0.004444444444444444  -0.01111111111111111
0.005  -0.01388888888888889
0.005555555555555556  -0.01697530864197531
0.0001388888888888889  inf
0.0002777777777777778  inf
0.0004166666666666666  inf
0.0005555555555555556  0
0.001111111111111111  0.001033992745034311
0.001666666666666667  0.002366332074137199
0.002222222222222222  0.003241296464888913
0.002777777777777778  0.002947658679266749
0.003333333333333334  0.001123906016005703
0.003888888888888889  -0.0007007977775666801
0.004444444444444444  -0.000998284705801569
0.005  -0.0001290286144156552
0.005555555555555556  0.001196344465376912
0.0001388888888888889  0
0.0002777777777777778  6.462454609764984e-05
0.0004166666666666666  0.0001478957534760914
0.0005555555555555556  0.0002025810276599037
0.0006944444444444445  0.0001842286671220699
0.0008333333333333334  7.024412811300713e-05
0.0009722222222222223  -4.379985803530855e-05
0.001111111111111111  -6.239279377746746e-05
0.0001388888888888889  0
0.0002777777777777778  6.462454609764984e-05
0.0004166666666666666  0.0001478957534760914
0.0005555555555555556  0.0002025810276599037
0.0006944444444444445  0.0001842286671220699
0.0008333333333333334  7.024412811300713e-05
0.0009722222222222223  -4.379985803530855e-05
0.001111111111111111  -6.239279377746746e-05
0.00125  -8.064293947601238e-06
0.001388888888888889  7.477151623607519e-05
0.001527777777777778  0.0001388548475328541
0.001666666666666667  0.0001381630354333536
0.001805555555555556  4.275307590541641e-05
0.001944444444444445  -9.045433461295843e-05
0.002083333333333333  -0.0001314739273488252
0.002222222222222222  -9.262316118576197e-05
0.002361111111111111  -1.603125098778547e-05
0.0025  5.105450242908947e-05
0.002638888888888889  6.17040245441955e-05
0.002777777777777778  -1.93891169603229e-05
0.002916666666666667  -0.0001681856313074898
0.003055555555555556  -0.0002332976110135844
0.003194444444444445  -0.0002118063917729938
0.003333333333333334  -0.0001429882366076705
0.003472222222222222  -7.401359377057612e-05
0.003611111111111111  -5.221671546967877e-05
0.00375  -0.0001168480725190159
0.003888888888888889  -0.0002647401097176126
0.004027777777777778  -0.000345694931251242
0.004166666666666667  -0.0003353732836428753
