0.002222222222222222  0
0.003333333333333333  0
0.004444444444444444  0
0.005555555555555556  0
0.001111111111111111  0
0.001666666666666667  0
0.002222222222222222  0
0.002777777777777778  0
0.003333333333333334  0
0.003888888888888889  0
0.004444444444444444  0
0.005  0
0.005555555555555556  0
0.001111111111111111  0
0.001666666666666667  0
0.002222222222222222  0
0.002777777777777778  0
0.003333333333333334  0
0.003888888888888889  0
0.004444444444444444  0
0.005  0
0.005555555555555556  0
0.001111111111111111  0
0.001666666666666667  0
0.002222222222222222  0
0.002777777777777778  0
0.003333333333333334  0
0.001111111111111111  0
0.001666666666666667  0
0.002222222222222222  0
0.002777777777777778  0
0.003333333333333334  0
0.003888888888888889  0
0.001111111111111111  0
0.001666666666666667  0
0.002222222222222222  0
0.002777777777777778  0
0.003333333333333334  0
0.003888888888888889  0
0.004444444444444444  0
0.005  0
0.005555555555555556  0
0.001111111111111111  0
0.001666666666666667  0
0.002222222222222222  0
0.001111111111111111  0
0.001666666666666667  0
0.002222222222222222  0
0.002777777777777778  0
0.003333333333333334  0
0.003888888888888889  0
0.004444444444444444  0
0.005  0
0.005555555555555556  0
0.0002777777777777778  0
0.0004166666666666666  0
0.001111111111111111  -0.00523370404579335
0.001666666666666667  -5.553256047497136e-05
0.002222222222222222  -0.001985139018634487
0.002777777777777778  -0.009210204661887636
0.003333333333333334  -0.01698207443368931
0.003888888888888889  -0.02053184475183524
0.004444444444444444  -0.0156860534022726
0.005  -0.006712967733541986
0.005555555555555556  -0.000471828324945826
0.0002777777777777778  -0.005233723674376155
0.0004166666666666666  -5.554230739894353e-05
0.0005555555555555556  -0.00198511977588173
0.0006944444444444445  -0.00921014778383847
0.0008333333333333334  -0.01698198933623997
0.0009722222222222223  -0.02053174923182738
0.001111111111111111  -0.01568596024353782
0.0002777777777777778  -0.005233723674376155
0.0004166666666666666  -5.554230739894353e-05
0.0005555555555555556  -0.00198511977588173
0.0006944444444444445  -0.00921014778383847
0.0008333333333333334  -0.01698198933623997
0.0009722222222222223  -0.02053174923182738
0.001111111111111111  -0.01568596024353782
0.00125  -0.006712894531453661
0.001388888888888889  -0.000471797197378066
0.001527777777777778  -0.001108303607774118
0.001666666666666667  -0.007731521796972383
0.001805555555555556  -0.0158419856807603
0.001944444444444445  -0.02060651851295421
0.002083333333333333  -0.01743061131189136
0.002222222222222222  -0.008670798463822085
0.002361111111111111  -0.001317986056638022
0.0025  -0.0003724025023172211
0.002638888888888889  -0.006001903412382008
0.002777777777777778  -0.01417953997479305
0.002916666666666667  -0.01998702068713549
0.003055555555555556  -0.01856517178736713
0.003194444444444445  -0.01038960143623492
0.003333333333333334  -0.002305255158016332
0.003472222222222222  2.505300014472996e-05
0.003611111111111111  -0.004597244800853308
0.00375  -0.0127125323268852
0.003888888888888889  -0.01936545816549276
0.004027777777777778  -0.01971889950029331
0.004166666666666667  -0.01236452679561803
