0.001111111111111111  -0.8023982729632161
0.001666666666666667  -1.064738783366641
0.002222222222222222  -1.012613007481034
0.002777777777777778  -0.565086780850055
0.003333333333333334  0.1878085873289244
0.003888888888888889  1.268849252996875
0.004444444444444444  2.172147209868855
0.005  3.182397133101492
0.005555555555555556  3.654992836924038
0.006111111111111111  3.944062116962163
0.006666666666666667  4.038378200321496
0.007222222222222223  3.66901941540754
0.001111111111111111  -0.8069743589763845
0.001666666666666667  -0.5649723805192977
0.002222222222222222  -0.5266617087016542
0.002777777777777778  -0.7641289672508463
0.003333333333333334  -0.7294730210138136
0.003888888888888889  -0.4976205374570989
0.004444444444444444  -0.3978904139975452
0.005  -0.3559913487131688
0.005555555555555556  -0.6794635069345669
0.006111111111111111  -0.7041230115957398
0.006666666666666667  -0.4767085857230248
0.007222222222222223  -0.4662317282665412
0.007777777777777778  -0.4611783979083076
0.008333333333333333  -0.7334957798242159
0.008888888888888889  -0.739968014044359
0  -0.02790283745735805
0.001111111111111111  -0.02797522170917721
0.001666666666666667  -0.02797405130686812
0.002222222222222222  -0.02797292296095528
0.002777777777777778  -0.02797183462246093
0.003333333333333334  -0.02797078433850365
0.001111111111111111  -0.02797522170917721
0.001666666666666667  -0.02797405130686812
0.002222222222222222  -0.02797292296095528
0.002777777777777778  -0.02797183462246093
0.003333333333333334  -0.02797078433850365
0.003888888888888889  -0.02796977027049522
0.004444444444444444  -0.02796879068421473
0.005  -0.02796784393173644
0.005555555555555556  -0.02796692844530953
0.006111111111111111  -0.02796604275336462
0.006666666666666667  -0.02796518545597068
0.007222222222222223  -0.02796435523153164
0.007777777777777778  -0.02796355081335693
0.008333333333333333  -0.02796277101885703
0.008888888888888889  -0.02796201471831769
0.009444444444444445  -0.02796128083007661
0.001111111111111111  -0.02797522170917721
0.001666666666666667  -0.02797405130686812
0.002222222222222222  -0.02797292296095528
0.002777777777777778  -0.02797183462246093
0.02  -0.9752878305584191
0.03  -0.9752886809798903
0.04  -0.975289337222553
0.05  -0.9752898690633897
0.06  -0.9752903152565271
0.07000000000000001  -0.9752906983114534
0.08  -0.9752910320415125
0.09  -0.9752913254922422
0.09999999999999999  -0.9752915850147652
0.01  -1.457486600874804
0.02  -2.527686763617287
0.03  -2.748958794169181
0.04  -2.930319193839201
0.05  -3.204980544928187
0.06  -3.359065606759601
0.07000000000000001  -3.394793475842951
0.08  -3.292178009589247
0.09  -3.222015788467771
0.09999999999999999  -3.216070008680896
0.001111111111111111  -0.9752851954783169
0.001666666666666667  -0.975285333495866
0.002222222222222222  -0.9752854665553029
0  -99.87983862642817
0.01111111111111111  -3659.188965228513
0.01666666666666667  -3659.189124340028
0.02222222222222222  -3659.189281168859
0.02777777777777778  -3659.189435758993
0.03333333333333333  -3659.18958815379
0.03888888888888889  -3659.189738395438
0.04444444444444445  -3659.189886525342
0.05  -3659.190032583831
0.05555555555555556  -3659.190176610611
0.06111111111111112  -3659.190318644399
0.06666666666666667  -3659.190458723019
0.07222222222222222  -3659.190596883685
0.07777777777777777  -3659.190733162567
0.08333333333333331  -3659.190867595225
0.08888888888888886  -3659.191000216431
0.09444444444444441  -3659.191131060279
0.01111111111111111  -3659.188965228513
0.01666666666666667  -3659.189124340028
0.02222222222222222  -3659.189281168859
0.02777777777777778  -3659.189435758993
0.03333333333333333  -3659.18958815379
0.03888888888888889  -3659.189738395438
0.04444444444444445  -3659.189886525342
0.05  -3659.190032583831
0.05555555555555556  -3659.190176610611
0.06111111111111112  -3659.190318644399
0.06666666666666667  -3659.190458723019
0.07222222222222222  -3659.190596883685
0.07777777777777777  -3659.190733162567
0.08333333333333331  -3659.190867595225
0.08888888888888886  -3659.191000216431
0.09444444444444441  -3659.191131060279
0.09999999999999996  -3659.191260160017
0.005555555555555556  -3650.111622029105
0.01111111111111111  -91.39436100619133
0.01666666666666667  -92.70624165911954
0.02222222222222222  -93.10441229521912
0.02777777777777778  -93.14102907034226
0.03333333333333333  -93.10327279397788
0.03888888888888889  -93.10216882014491
0.04444444444444445  -93.0369339738233
0.05  -92.98369082027365
0.05555555555555556  -92.89547225041707
0.06111111111111112  -92.87509729797837
0.06666666666666667  -92.88060982276824
0.07222222222222222  -92.88034216444237
0.07777777777777777  -92.90709577650476
0.08333333333333331  -92.93175341492218
0.08888888888888886  -92.96262432355566
0.09444444444444441  -92.96738743723034
0.09999999999999996  -92.9615429054159
0.01111111111111111  -3659.188965228513
0.01666666666666667  -3659.189124340028
0.02222222222222222  -3659.189281168859
0.02777777777777778  -3659.189435758993
0.03333333333333333  -3659.18958815379
0.03888888888888889  -3659.189738395438
0.04444444444444445  -3659.189886525342
0.05  -3659.190032583831
0.05555555555555556  -3659.190176610611
0.06111111111111112  -3659.190318644399
0.06666666666666667  -3659.190458723019
0.07222222222222222  -3659.190596883685
0.07777777777777777  -3659.190733162567
0.08333333333333331  -3659.190867595225
0.08888888888888886  -3659.191000216431
0.09444444444444441  -3659.191131060279
0.09999999999999996  -3659.191260160017
0.01111111111111111  nan
0.01666666666666667  nan
0.02222222222222222  nan
0.02777777777777778  nan
0.03333333333333333  nan
0.03888888888888889  nan
0.04444444444444445  nan
0.05  nan
0.05555555555555556  nan
0.06111111111111112  nan
0.06666666666666667  nan
0.07222222222222222  nan
0.07777777777777777  nan
0.08333333333333331  nan
0.08888888888888886  nan
0.09444444444444441  nan
0.09999999999999996  nan
0.01111111111111111  nan
0.01666666666666667  nan
0.02222222222222222  nan
0.02777777777777778  nan
0.03333333333333333  nan
0.03888888888888889  nan
0.04444444444444445  nan
0.05  nan
0.05555555555555556  nan
0.06111111111111112  nan
0.06666666666666667  nan
0.07222222222222222  nan
0.07777777777777777  nan
0.08333333333333331  nan
0.08888888888888886  nan
0.09444444444444441  nan
0.09999999999999996  nan
31.41592653589793  nan nan
0.01111111111111111  nan
0.01666666666666667  nan
0.02222222222222222  nan
0.02777777777777778  nan
0.03333333333333333  nan
0.03888888888888889  nan
0.04444444444444445  nan
0.05  nan
0.05555555555555556  nan
0.06111111111111112  nan
0.06666666666666667  nan
0.07222222222222222  nan
0.07777777777777777  nan
0.08333333333333331  nan
0.08888888888888886  nan
0.09444444444444441  nan
0.09999999999999996  nan
0.01111111111111111  -3659.188965228513
0.01666666666666667  -3659.189124340028
0.02222222222222222  -3659.189281168859
0.02777777777777778  -3659.189435758993
0.03333333333333333  -3659.18958815379
0.03888888888888889  -3659.189738395438
0.04444444444444445  -3659.189886525342
0.05  -3659.190032583831
0.05555555555555556  -3659.190176610611
0.06111111111111112  -3659.190318644399
0.06666666666666667  -3659.190458723019
0.07222222222222222  -3659.190596883685
0.07777777777777777  -3659.190733162567
0.08333333333333331  -3659.190867595225
0.08888888888888886  -3659.191000216431
0.09444444444444441  -3659.191131060279
0.09999999999999996  -3659.191260160017
0  nan
0  -3659.222378821652
0  -3659.213610341299
0.001111111111111111  -532.7653991830351
0.001666666666666667  -532.765401746877
0.002222222222222222  -532.7654043069815
0.002777777777777778  -532.7654068632694
0.003333333333333334  -532.7654094158211
0.003888888888888889  -532.7654119645924
0.004444444444444444  -532.7654145096437
0.005  -532.7654170509202
0.005555555555555556  -532.765419588483
0.006111111111111111  -532.7654221223173
0.006666666666666667  -532.7654246524093
0.007222222222222223  -532.7654271788266
0.007777777777777778  -532.7654297015159
0.008333333333333333  -532.7654322204909
0.008888888888888889  -532.7654347357876
0.009444444444444445  -532.7654372473929
0.01  -532.7654397553359
0.01055555555555556  -532.7654422596108
0.01111111111111111  -532.7654447602232
0.01166666666666667  -532.765447257153
0.01222222222222222  -532.7654497504378
0.01277777777777778  -532.7654522401239
0.01333333333333333  -532.7654547261476
0.01388888888888889  -532.7654572085646
0.01444444444444445  -532.76545968736
0.015  -532.765462162512
0.01555555555555556  -532.7654646340736
0.01611111111111111  -532.7654671020483
0.01666666666666667  -532.7654695663965
0.01722222222222222  -532.7654720271978
0.01777777777777778  -532.765474484431
0.01833333333333333  -532.7654769380777
0.01888888888888889  -532.7654793881237
0.01944444444444444  -532.76548183467
0.02  -532.7654842776511
0.02055555555555556  -532.7654867171053
0.02111111111111111  -532.7654891530022
0.02166666666666667  -532.7654915853936
0.02222222222222222  -532.7654940142371
0.02277777777777778  -532.7654964395706
0.02333333333333333  -532.7654988613843
0.02388888888888889  -532.7655012797439
0.02444444444444445  -532.7655036945756
0.025  -532.7655061059476
0.02555555555555556  -532.7655085137995
0.02611111111111111  -532.7655109182224
0.02666666666666667  -532.765513319147
0.02722222222222222  -532.7655157166296
0.02777777777777778  -532.7655181106539
0.02833333333333334  -532.765520501222
0.02888888888888889  -532.7655228883626
0.02944444444444445  -532.7655252720865
0.03  -532.7655276523541
0.03055555555555556  -532.7655300292619
0.03111111111111111  -532.7655324026882
0.03166666666666667  -532.7655347727305
0.03222222222222222  -532.7655371393892
0.03277777777777777  -532.7655395026344
0.03333333333333333  -532.7655418625126
0.03388888888888888  -532.7655442189658
0.03444444444444443  -532.7655465721122
0.03499999999999998  -532.7655489218764
0.03555555555555553  -532.7655512682543
0.03611111111111109  -532.7655536113263
0.03666666666666664  -532.7655559509917
0.03722222222222219  -532.7655582873695
0.03777777777777774  -532.7655606203908
0.0383333333333333  -532.7655629500763
0.03888888888888885  -532.7655652764588
0.0394444444444444  -532.7655675995366
0.03999999999999995  -532.7655699192995
0.0405555555555555  -532.7655722357314
0.04111111111111106  -532.7655745489052
0.04166666666666661  -532.765576858793
0.04222222222222216  -532.7655791653813
0.04277777777777771  -532.7655814687132
0.04333333333333327  -532.7655837687424
0.04388888888888882  -532.7655860655401
0.04444444444444437  -532.7655883590746
0.04499999999999992  -532.7655906493519
0.04555555555555547  -532.7655929363762
0.04611111111111103  -532.765595220195
0.04666666666666658  -532.7655975007768
0.04722222222222213  -532.7655997781144
0.04777777777777768  -532.7656020522579
0.04833333333333324  -532.7656043231584
0.04888888888888879  -532.7656065908814
0.04944444444444434  -532.765608855394
0.04999999999999989  -532.7656111166917
0.05055555555555544  -532.7656133748659
0.051111111111111  -532.7656156298023
0.05166666666666655  -532.7656178815795
0.0522222222222221  -532.7656201301852
0.05277777777777765  -532.7656223756308
0.0533333333333332  -532.7656246179311
0.05388888888888876  -532.7656268570538
0.05444444444444431  -532.7656290930596
0.05499999999999986  -532.765631325937
0.05555555555555541  -532.7656335556624
0.05611111111111097  -532.7656357822505
0.05666666666666652  -532.7656380057351
0.05722222222222207  -532.7656402260989
0.05777777777777762  -532.7656424433745
0.05833333333333317  -532.7656446575199
0.05888888888888873  -532.7656468685883
0.05944444444444428  -532.7656490765444
0.05999999999999983  -532.7656512814586
0.06055555555555538  -532.7656534832493
0.06111111111111094  -532.7656556819911
0.06166666666666649  -532.7656578776689
0.06222222222222204  -532.7656600702829
0.0627777777777776  -532.7656622598373
0.06333333333333316  -532.7656644463401
0.06388888888888872  -532.7656666298305
0.06444444444444428  -532.7656688102524
0.06499999999999984  -532.7656709876701
0.06555555555555539  -532.7656731620048
0.06611111111111095  -532.7656753333738
0.06666666666666651  -532.765677501735
0.06722222222222207  -532.7656796670734
0.06777777777777763  -532.7656818293958
0.06833333333333319  -532.7656839887503
0.06888888888888875  -532.7656861451136
0.06944444444444431  -532.7656882984581
0.06999999999999987  -532.7656904488301
0.07055555555555543  -532.7656925962497
0.07111111111111099  -532.7656947407055
0.07166666666666655  -532.7656968821784
0.0722222222222221  -532.7656990206931
0.07277777777777766  -532.7657011563067
0.07333333333333322  -532.7657032889182
0.07388888888888878  -532.7657054186319
0.07444444444444434  -532.7657075453751
0.0749999999999999  -532.7657096692323
0.07555555555555546  -532.7657117901466
0.07611111111111102  -532.7657139081134
0.07666666666666658  -532.765716023244
0.07722222222222214  -532.7657181354065
0.0777777777777777  -532.7657202446742
0.07833333333333325  -532.7657223510755
0.07888888888888881  -532.7657244545787
0.07944444444444437  -532.7657265551734
0.07999999999999993  -532.7657286529422
0.08055555555555549  -532.7657307477992
0.08111111111111105  -532.7657328397984
0.08166666666666661  -532.7657349289245
0.08222222222222217  -532.7657370151987
0.08277777777777773  -532.7657390986558
0.08333333333333329  -532.7657411792439
0.08388888888888885  -532.7657432569897
0.08444444444444441  -532.7657453319075
0.08499999999999996  -532.7657474039995
0.08555555555555552  -532.7657494732879
0.08611111111111108  -532.7657515397351
0.08666666666666664  -532.7657536033464
0.0872222222222222  -532.7657556641828
0.08777777777777776  -532.7657577222044
0.08833333333333332  -532.7657597774273
0.08888888888888888  -532.7657618298691
0.08944444444444444  -532.7657638795602
0.09  -532.7657659264027
0.09055555555555556  -532.7657679705022
0.09111111111111111  -532.7657700118294
0.09166666666666667  -532.7657720503958
0.09222222222222223  -532.7657740862275
0.09277777777777779  -532.7657761192611
0.09333333333333335  -532.7657781495668
0.09388888888888891  -532.7657801771395
0.09444444444444447  -532.7657822019631
0.09500000000000003  -532.765784224032
0.09555555555555559  -532.7657862434078
0.09611111111111115  -532.7657882600234
0.09666666666666671  -532.7657902739753
0.09722222222222227  -532.7657922851809
0.09777777777777782  -532.7657942936972
0.09833333333333338  -532.765796299484
0.09888888888888894  -532.7657983026281
0.0994444444444445  -532.7658003029973
0.1000000000000001  -532.765802300754
0.001111111111111111  -3659.18867313268
0.001666666666666667  -3659.188689674524
0.002222222222222222  -3659.188706191923
0.002777777777777778  -3659.188722684925
0.003333333333333334  -3659.18873915358
0.003888888888888889  -3659.188755597935
0.004444444444444444  -3659.188772018044
0.005  -3659.188788413898
0.005555555555555556  -3659.18880478562
0.006111111111111111  -3659.188821133286
0.006666666666666667  -3659.18883745682
0.007222222222222223  -3659.188853756356
0.007777777777777778  -3659.188870031969
0.008333333333333333  -3659.188886283589
0.008888888888888889  -3659.188902511355
0.009444444444444445  -3659.188918715318
0.01  -3659.188934895497
0.01055555555555556  -3659.188951051912
0.01111111111111111  -3659.18896718466
0.01166666666666667  -3659.188983293782
0.01222222222222222  -3659.188999379296
0.01277777777777778  -3659.189015441296
0.01333333333333333  -3659.189031479768
0.01388888888888889  -3659.1890474948
0.01444444444444445  -3659.18906348644
0.015  -3659.189079454704
0.01555555555555556  -3659.189095399638
0.01611111111111111  -3659.189111321355
0.01666666666666667  -3659.1891272198
0.01722222222222222  -3659.189143095078
0.01777777777777778  -3659.189158947196
0.01833333333333333  -3659.18917477629
0.01888888888888889  -3659.189190582372
0.01944444444444444  -3659.189206365379
0.02  -3659.189222125477
0.02055555555555556  -3659.189237862663
0.02111111111111111  -3659.189253576958
0.02166666666666667  -3659.189269268514
0.02222222222222222  -3659.189284937269
0.02277777777777778  -3659.189300583296
0.02333333333333333  -3659.189316206615
0.02388888888888889  -3659.189331807319
0.02444444444444445  -3659.189347385469
0.025  -3659.189362941048
0.02555555555555556  -3659.18937847414
0.02611111111111111  -3659.189393984734
0.02666666666666667  -3659.189409472952
0.02722222222222222  -3659.189424938798
0.02777777777777778  -3659.189440382322
0.02833333333333334  -3659.189455803511
0.02888888888888889  -3659.18947120257
0.02944444444444445  -3659.189486579379
0.03  -3659.189501934032
0.03055555555555556  -3659.189517266574
0.001111111111111111  -3659.18867313268
0.001666666666666667  -3659.188689674524
0.002222222222222222  -3659.188706191923
0.001111111111111111  -3659.18867313268
0.001666666666666667  -3659.188689674524
0.002222222222222222  -3659.188706191923
0.002777777777777778  -3659.188722684925
0.003333333333333334  -3659.18873915358
0.003888888888888889  -3659.188755597935
0.004444444444444444  -3659.188772018044
0.001111111111111111  nan
0.001666666666666667  nan
0.002222222222222222  nan
0.002777777777777778  nan
0.003333333333333334  nan
0.003888888888888889  nan
0.004444444444444444  nan
0.005  nan
0.005555555555555556  nan
0.006111111111111111  nan
0.006666666666666667  nan
0.007222222222222223  nan
0.007777777777777778  nan
0.008333333333333333  nan
0.008888888888888889  nan
0.009444444444444445  nan
0.01  nan
0.01055555555555556  nan
0.01111111111111111  nan
0.01166666666666667  nan
0.01222222222222222  nan
0.01277777777777778  nan
0.01333333333333333  nan
0.01388888888888889  nan
0.01444444444444445  nan
0.015  nan
0.01555555555555556  nan
0.01611111111111111  nan
0.01666666666666667  nan
0.01722222222222222  nan
0.01777777777777778  nan
0.01833333333333333  nan
0.01888888888888889  nan
0.01944444444444444  nan
0.02  nan
0.02055555555555556  nan
0.02111111111111111  nan
0.02166666666666667  nan
0.02222222222222222  nan
0.02277777777777778  nan
0.02333333333333333  nan
31.41592653589793  -1829.594323898238 0
0  -3659.213610341299
0.01111111111111111  -0.3564873235625328
0.01666666666666667  -0.3564870832040121
0.02222222222222222  -0.3564868465544047
0.02777777777777778  -0.3564866135409037
0.03333333333333333  -0.3564863840581269
0.03888888888888889  -0.3564861580872423
0.04444444444444445  -0.3564859355365542
0.05  -0.3564857162589243
0.05555555555555556  -0.356485500316273
0.06111111111111112  -0.3564852875730979
0.06666666666666667  -0.3564850780006368
0.07222222222222222  -0.3564848714016531
0.07777777777777777  -0.3564846678784752
0.08333333333333331  -0.3564844672864891
0.08888888888888886  -0.3564842696432531
0.09444444444444441  -0.356484074818054
0.09999999999999996  -0.3564838827795378
0.005555555555555556  2760.691910731527
0.008333333333333333  2760.691950523984
0.01111111111111111  2760.691990035753
0.01388888888888889  2760.692029269559
0.01666666666666667  2760.692068227979
0.01944444444444444  2760.692106913642
0.02222222222222222  2760.692145329152
0.025  2760.692183477016
0.02777777777777778  2760.692221359776
0.03055555555555556  2760.692258979935
0.03333333333333333  2760.692296339984
0.03611111111111111  2760.692333442291
0.03888888888888888  2760.692370289364
0.04166666666666666  2760.692406883602
0.04444444444444443  2760.692443227295
0.04722222222222221  2760.69247932284
0.04999999999999998  2760.692515172543
0.05277777777777776  2760.692550778715
0.05555555555555553  2760.692586143635
0.05833333333333331  2760.692621269472
0.06111111111111108  2760.69265615856
0.06388888888888886  2760.692690813064
0.06666666666666664  2760.692725235139
0.06944444444444442  2760.692759426931
0.0722222222222222  2760.69279339063
0.07499999999999998  2760.692827128312
0.07777777777777777  2760.692860642057
0.08055555555555555  2760.692893933955
0.08333333333333333  2760.692927006034
0.08611111111111111  2760.692959860354
0.08888888888888889  2760.692992498872
0.09166666666666667  2760.693024923617
0.09444444444444446  2760.693057136528
0.09722222222222224  2760.693089139543
0.1  2760.693120934615
0.002777777777777778  2804.678985871896
0.005555555555555556  2800.187798724357
0.008333333333333333  2798.110845096909
0.01111111111111111  2794.99509246744
0.01388888888888889  2789.914293291825
