0.002222222222222222  0
0.003333333333333333  0
0.004444444444444444  0
0.005555555555555556  0
0.001111111111111111  0
0.001666666666666667  0
0.002222222222222222  0
0.002777777777777778  0
0.003333333333333334  0
0.003888888888888889  0
0.004444444444444444  0
0.005  0
0.005555555555555556  0
0.001111111111111111  0
0.001666666666666667  0
0.002222222222222222  0
0.002777777777777778  0
0.003333333333333334  0
0.003888888888888889  0
0.004444444444444444  0
0.005  0
0.005555555555555556  0
0.001111111111111111  0
0.001666666666666667  0
0.002222222222222222  0
0.002777777777777778  0
0.003333333333333334  0
0.001111111111111111  0
0.001666666666666667  0
0.002222222222222222  0
0.002777777777777778  0
0.003333333333333334  0
0.003888888888888889  0
0.001111111111111111  0
0.001666666666666667  0
0.002222222222222222  0
0.002777777777777778  0
0.003333333333333334  0
0.003888888888888889  0
0.004444444444444444  0
0.005  0
0.005555555555555556  0
0.001111111111111111  0
0.001666666666666667  0
0.002222222222222222  0
0.001111111111111111  0
0.001666666666666667  0
0.002222222222222222  0
0.002777777777777778  0
0.003333333333333334  0
0.003888888888888889  0
0.004444444444444444  0
0.005  0
0.005555555555555556  0
0.0002777777777777778  0
0.0004166666666666666  0
0.001111111111111111  -0.9105255713308004
0.001666666666666667  -0.9690906711115168
0.002222222222222222  -0.9608137345332107
0.002777777777777778  -0.8886694289771673
0.003333333333333334  -0.7891522120991731
0.003888888888888889  -0.7630181115781188
0.004444444444444444  -0.9043708019681753
0.005  -1.05640831443019
0.005555555555555556  -1.143763065919167
0.0002777777777777778  -0.9120291509136034
0.0004166666666666666  -0.9714564311755913
0.0005555555555555556  -0.9640176026541867
0.0006944444444444445  -0.8926093122564077
0.0008333333333333334  -0.7936937318585466
0.0009722222222222223  -0.7681339723120294
0.001111111111111111  -0.9102542602348069
0.0002777777777777778  -0.9120291509136034
0.0004166666666666666  -0.9714564311755913
0.0005555555555555556  -0.9640176026541867
0.0006944444444444445  -0.8926093122564077
0.0008333333333333334  -0.7936937318585466
0.0009722222222222223  -0.7681339723120294
0.001111111111111111  -0.9102542602348069
0.00125  -1.063226215418337
0.001388888888888889  -1.151589252542079
0.001527777777777778  -1.159682279141176
0.001666666666666667  -1.086417620568011
0.001805555555555556  -0.9424465138622732
0.001944444444444445  -0.7849898257850714
0.002083333333333333  -0.775208612962506
0.002222222222222222  -0.870315091494281
0.002361111111111111  -0.9509593993632738
0.0025  -0.9710753111267781
0.002638888888888889  -0.9236318532846234
0.002777777777777778  -0.8284277872520692
0.002916666666666667  -0.7551534781622405
0.003055555555555556  -0.8392619594514141
0.003194444444444445  -1.003982132724102
0.003333333333333334  -1.121952650011874
0.003472222222222222  -1.162396488958558
0.003611111111111111  -1.121294034960339
0.00375  -1.002716781662889
0.003888888888888889  -0.837477060159764
0.004027777777777778  -0.7529052424820289
0.004166666666666667  -0.8256850597936422
