0.001111111111111111  -0.01263880792738419
0.001666666666666667  -0.006312871031934374
0.002222222222222222  -0.0004519710214131983
0.002777777777777778  0.005053420391791595
0.003333333333333334  0.01021104716653773
0.003888888888888889  0.01514114361475618
0.004444444444444444  0.019849170246541
0.005  0.02448032992242906
0.005555555555555556  0.02909380350965795
0.006111111111111111  0.0338148627663139
0.006666666666666667  0.03880400743114149
0.007222222222222223  0.04412069415548275
0.001111111111111111  -0.0781075369315169
0.001666666666666667  -0.039425071637533
0.002222222222222222  -0.004289544639668528
0.002777777777777778  0.02814197818072632
0.003333333333333334  0.05792130266263208
0.003888888888888889  0.08610316755677197
0.004444444444444444  0.112736156235223
0.005  0.1393848516309007
0.005555555555555556  0.166637596272725
0.006111111111111111  0.1955502495904239
0.006666666666666667  0.2265092911849204
0.007222222222222223  0.2590117355868503
0.007777777777777778  0.2935085945159116
0.008333333333333333  0.3282179246444655
0.008888888888888889  0.3632748397751611
0  0
0.001111111111111111  -0.162208836154302
0.001666666666666667  -0.1497184688603972
0.002222222222222222  -0.1378557224833807
0.002777777777777778  -0.1265902728312671
0.003333333333333334  -0.1158932676289155
0.001111111111111111  -0.162208836154302
0.001666666666666667  -0.1497184688603972
0.002222222222222222  -0.1378557224833807
0.002777777777777778  -0.1265902728312671
0.003333333333333334  -0.1158932676289155
0.003888888888888889  -0.1057372535688859
0.004444444444444444  -0.09609610701998
0.005  -0.08694496853740098
0.005555555555555556  -0.07826018054487327
0.006111111111111111  -0.07001922822438543
0.006666666666666667  -0.06220068367021186
0.007222222222222223  -0.054784152388986
0.007777777777777778  -0.04775022301470284
0.008333333333333333  -0.04108041929993458
0.008888888888888889  -0.03475715441072848
0.009444444444444445  -0.02876368780090904
0.001111111111111111  -0.162208836154302
0.001666666666666667  -0.1497184688603972
0.002222222222222222  -0.1378557224833807
0.002777777777777778  -0.1265902728312671
0.02  0.008896624687510646
0.03  0.0391728374664129
0.04  0.05146399123389781
0.05  0.05467324785129931
0.06  0.0534454779374152
0.07000000000000001  0.05019002417479263
0.08  0.04614320851293366
0.09  0.04192697714422017
0.09999999999999999  0.0378426965789494
0.01  2.112832440007721
0.02  -0.6781304701581917
0.03  -0.2755543519801099
0.04  -0.1458312993083099
0.05  -0.1100867130345702
0.06  -0.1081572035411594
0.07000000000000001  -0.1062344839851169
0.08  -0.09341794688323911
0.09  -0.0726168767095544
0.09999999999999999  -0.05627290332594926
0.001111111111111111  -0.1622111781950197
0.001666666666666667  -0.1497209411818907
0.002222222222222222  -0.1378582982383257
0  0
0.01111111111111111  -0.2305150079479704
0.01666666666666667  -0.223946385113141
0.02222222222222222  -0.2175038555450552
0.02777777777777778  -0.2111850754092378
0.03333333333333333  -0.2049877449934659
0.03888888888888889  -0.1989096079472148
0.04444444444444445  -0.1929484503130628
0.05  -0.187102099808293
0.05555555555555556  -0.1813684248961103
0.06111111111111112  -0.175745334115631
0.06666666666666667  -0.1702307752302455
0.07222222222222222  -0.1648227344316876
0.07777777777777777  -0.1595192357121835
0.08333333333333331  -0.1543183400342883
0.08888888888888886  -0.1492181446248619
0.09444444444444441  -0.1442167823220705
0.01111111111111111  -0.2305150079479704
0.01666666666666667  -0.223946385113141
0.02222222222222222  -0.2175038555450552
0.02777777777777778  -0.2111850754092378
0.03333333333333333  -0.2049877449934659
0.03888888888888889  -0.1989096079472148
0.04444444444444445  -0.1929484503130628
0.05  -0.187102099808293
0.05555555555555556  -0.1813684248961103
0.06111111111111112  -0.175745334115631
0.06666666666666667  -0.1702307752302455
0.07222222222222222  -0.1648227344316876
0.07777777777777777  -0.1595192357121835
0.08333333333333331  -0.1543183400342883
0.08888888888888886  -0.1492181446248619
0.09444444444444441  -0.1442167823220705
0.09999999999999996  -0.1393124208672542
0.005555555555555556  -2.461376309549863
0.01111111111111111  -1.53329461690072
0.01666666666666667  -0.09419766228834951
0.02222222222222222  0.06726294659496514
0.02777777777777778  0.1367531671318052
0.03333333333333333  0.1822731348057184
0.03888888888888889  0.2119686797668792
0.04444444444444445  0.2242330959945918
0.05  0.221274276477254
0.05555555555555556  0.208223154545962
0.06111111111111112  0.1907668420822191
0.06666666666666667  0.1722151219781048
0.07222222222222222  0.1568967871104126
0.07777777777777777  0.1482799432112636
0.08333333333333331  0.1468010580773333
0.08888888888888886  0.1500535701065935
0.09444444444444441  0.1547267466033852
0.09999999999999996  0.1578967494557098
0.01111111111111111  -0.2305150079479704
0.01666666666666667  -0.223946385113141
0.02222222222222222  -0.2175038555450552
0.02777777777777778  -0.2111850754092378
0.03333333333333333  -0.2049877449934659
0.03888888888888889  -0.1989096079472148
0.04444444444444445  -0.1929484503130628
0.05  -0.187102099808293
0.05555555555555556  -0.1813684248961103
0.06111111111111112  -0.175745334115631
0.06666666666666667  -0.1702307752302455
0.07222222222222222  -0.1648227344316876
0.07777777777777777  -0.1595192357121835
0.08333333333333331  -0.1543183400342883
0.08888888888888886  -0.1492181446248619
0.09444444444444441  -0.1442167823220705
0.09999999999999996  -0.1393124208672542
0.01111111111111111  nan
0.01666666666666667  nan
0.02222222222222222  nan
0.02777777777777778  nan
0.03333333333333333  nan
0.03888888888888889  nan
0.04444444444444445  nan
0.05  nan
0.05555555555555556  nan
0.06111111111111112  nan
0.06666666666666667  nan
0.07222222222222222  nan
0.07777777777777777  nan
0.08333333333333331  nan
0.08888888888888886  nan
0.09444444444444441  nan
0.09999999999999996  nan
0.01111111111111111  nan
0.01666666666666667  nan
0.02222222222222222  nan
0.02777777777777778  nan
0.03333333333333333  nan
0.03888888888888889  nan
0.04444444444444445  nan
0.05  nan
0.05555555555555556  nan
0.06111111111111112  nan
0.06666666666666667  nan
0.07222222222222222  nan
0.07777777777777777  nan
0.08333333333333331  nan
0.08888888888888886  nan
0.09444444444444441  nan
0.09999999999999996  nan
31.41592653589793  nan nan
0.01111111111111111  nan
0.01666666666666667  nan
0.02222222222222222  nan
0.02777777777777778  nan
0.03333333333333333  nan
0.03888888888888889  nan
0.04444444444444445  nan
0.05  nan
0.05555555555555556  nan
0.06111111111111112  nan
0.06666666666666667  nan
0.07222222222222222  nan
0.07777777777777777  nan
0.08333333333333331  nan
0.08888888888888886  nan
0.09444444444444441  nan
0.09999999999999996  nan
0.01111111111111111  -0.2305150079479704
0.01666666666666667  -0.223946385113141
0.02222222222222222  -0.2175038555450552
0.02777777777777778  -0.2111850754092378
0.03333333333333333  -0.2049877449934659
0.03888888888888889  -0.1989096079472148
0.04444444444444445  -0.1929484503130628
0.05  -0.187102099808293
0.05555555555555556  -0.1813684248961103
0.06111111111111112  -0.175745334115631
0.06666666666666667  -0.1702307752302455
0.07222222222222222  -0.1648227344316876
0.07777777777777777  -0.1595192357121835
0.08333333333333331  -0.1543183400342883
0.08888888888888886  -0.1492181446248619
0.09444444444444441  -0.1442167823220705
0.09999999999999996  -0.1393124208672542
0  nan
0  0
0  0
