0.0005555555555555556  inf
0.001111111111111111  inf
0.001666666666666667  inf
0.0005555555555555556  inf
0.001111111111111111  inf
0.001666666666666667  inf
0.002222222222222222  inf
0.0005555555555555556  0
0.001111111111111111  0
0.001666666666666667  0
0.002222222222222222  0
0.002777777777777778  0
0.003333333333333334  0
0.003888888888888889  0
0.004444444444444444  0
0.005  0
0.005555555555555556  0
0.0005555555555555556  -0.005555555555555556
0.001111111111111111  -0.01111111111111111
0.001666666666666667  -0.01666666666666667
0.002222222222222222  -0.02222222222222222
0.002777777777777778  -0.02777777777777778
0.003333333333333334  -0.03333333333333333
0.003888888888888889  -0.03888888888888889
0.004444444444444444  -0.04444444444444445
0.005  -0.05
0.005555555555555556  -0.05555555555555555
0.0005555555555555556  -0.005555555555555556
0.001111111111111111  -0.01111111111111111
0.001666666666666667  -0.01666666666666667
0.002222222222222222  -0.02222222222222222
0.002777777777777778  -0.02777777777777778
0.003333333333333334  -0.03333333333333333
0.003888888888888889  -0.03888888888888889
0.004444444444444444  -0.04444444444444445
0.005  -0.05
0.005555555555555556  -0.05555555555555555
0.0005555555555555556  -0.005555555555555556
0.001111111111111111  -0.01111111111111111
0.001666666666666667  -0.01666666666666667
0.002222222222222222  -0.02222222222222222
0.002777777777777778  -0.02777777777777778
0.003333333333333334  -0.03333333333333333
0.003888888888888889  -0.03888888888888889
0.004444444444444444  -0.04444444444444445
0.005  -0.05
0.005555555555555556  -0.05555555555555555
0.0005555555555555556  0
0.001111111111111111  0
0.001666666666666667  0
0.002222222222222222  0
0.002777777777777778  0
0.003333333333333334  0
0.003888888888888889  0
0.004444444444444444  0
0.005  0
0.005555555555555556  0
