0.001111111111111111  0
0.002222222222222222  0
0.003333333333333333  0
0.004444444444444444  0
0.005555555555555556  0
0.0005555555555555556  0
0.001111111111111111  0
0.001666666666666667  0
0.002222222222222222  0
0.002777777777777778  0
0.003333333333333334  0
0.003888888888888889  0
0.004444444444444444  0
0.005  0
0.005555555555555556  0
0.0005555555555555556  0
0.001111111111111111  0
0.001666666666666667  0
0.002222222222222222  0
0.002777777777777778  0
0.003333333333333334  0
0.003888888888888889  0
0.004444444444444444  0
0.005  0
0.005555555555555556  0
0.0005555555555555556  0
0.001111111111111111  0
0.001666666666666667  0
0.002222222222222222  0
0.002777777777777778  0
0.003333333333333334  0
0.0005555555555555556  0
0.001111111111111111  0
0.001666666666666667  0
0.002222222222222222  0
0.002777777777777778  0
0.003333333333333334  0
0.003888888888888889  0
0.0005555555555555556  0
0.001111111111111111  0
0.001666666666666667  0
0.002222222222222222  0
0.002777777777777778  0
0.003333333333333334  0
0.003888888888888889  0
0.004444444444444444  0
0.005  0
0.005555555555555556  0
0.0005555555555555556  0
0.001111111111111111  0
0.001666666666666667  0
0.002222222222222222  0
0.0005555555555555556  -5.305164769729845
0.001111111111111111  -10.61032953945969
0.001666666666666667  -15.91549430918953
0.002222222222222222  -21.22065907891938
0.002777777777777778  -26.52582384864922
0.003333333333333334  -31.83098861837907
0.003888888888888889  -37.13615338810892
0.004444444444444444  -42.44131815783876
0.005  -47.74648292756861
0.005555555555555556  -53.05164769729846
0.0001388888888888889  inf
0.0002777777777777778  inf
0.0004166666666666666  inf
0.0005555555555555556  0
0.001111111111111111  17.77302610128379
0.001666666666666667  22.90122613106612
0.002222222222222222  15.0395300442926
0.002777777777777778  -5.047261746515169
0.003333333333333334  -31.34799914418047
0.003888888888888889  -31.36434786996245
0.004444444444444444  -5.113423634451101
0.005  14.94141160573532
0.005555555555555556  22.78148512571093
0.0001388888888888889  0
0.0002777777777777778  4.443256493212765
0.0004166666666666666  5.725306485292013
0.0005555555555555556  3.759882494697793
0.0006944444444444445  -1.261815363504378
0.0008333333333333334  -7.836999617956314
0.0009722222222222223  -7.841086902176293
0.001111111111111111  -1.278356096140373
0.0001388888888888889  0
0.0002777777777777778  4.443256493212765
0.0004166666666666666  5.725306485292013
0.0005555555555555556  3.759882494697793
0.0006944444444444445  -1.261815363504378
0.0008333333333333334  -7.836999617956314
0.0009722222222222223  -7.841086902176293
0.001111111111111111  -1.278356096140373
0.00125  3.735352497034254
0.001388888888888889  5.695370779285756
0.001527777777777778  4.40604530453286
0.001666666666666667  -0.04756549622095611
0.001805555555555556  -6.559905605357755
0.001944444444444445  -9.158666907083338
0.002083333333333333  -2.820299449332784
0.002222222222222222  2.671181918391826
0.002361111111111111  5.266071839026876
0.0025  4.61247664349073
0.002638888888888889  0.7322072052321704
0.002777777777777778  -5.575553706799285
0.002916666666666667  -10.23049473402056
0.003055555555555556  -4.476769959480818
0.003194444444444445  1.477627390891431
0.003333333333333334  4.731587813819337
0.003472222222222222  4.742347113585317
0.003611111111111111  1.498642959842044
0.00375  -4.443724779756145
0.003888888888888889  -10.16830746608564
0.004027777777777778  -5.566043526134115
0.004166666666666667  0.7096642146968499
